111111111111
111111111111
111111111111
111111111111
111111111111
111111111111
111111111111
111111111111
111111111111
111111111111
111111111111 
111111111111
000001100000
000003300000

111211112111
100000000001
100000000001
200000000002
100000000001
100000000001
100000000001
100000000001
200000000002
100000000001
100000000001
111210012111

111211112111
100000000001
100000000001
200000000002
100000000001
100000000001
100000000001
100000000001
200000000002
100000000001
100000000001
111210012111

111211112111
100000000001
100000000001
200000000002
100000000001
100000000001
100000000001
100000000001
200000000002
100000000001
100000000001
111211112111

111211112111
100000000001
100000000001
200000000002
100000000001
100000000001
100000000001
100000000001
200000000002
100000000001
100000000001
111211112111

111211112111
111211112111
111211112111
222222222222
111211112111
111211112111
111211112111
111211112111
222222222222
111211112111
111211112111
111211112111

101010101010
000000000001
100000000000
000000000001
100000000000
000000000001
100000000000
000000000001
100000000000
000000000001
100000000000
010101010101
