116551155211
111111131211
112131131211
112131131211
112131131211
112131131211
112131131211
112131131211
112131131211
112131131211
112131131211
112131131211
112131131211
112131131211
112131131211
112131131211
112133331211
112222222211
111111111111

  3
8999       1
7 463  364 1
1 11    11 1
1 463  364 1
1 11    11 1
1 463  364 1
1 11    11 1
1 463  364 1
1 11    11 1
1 463  364 1
1 11    11 1
1 463  364 1
1 11    11 1
1 463  364 1
1 11    11 1
1 463  364 1
111111111111
111111111111

  3
1          1
1 39    93 1
1  9    9  1
1 39    93 1
1  9    9  1
1 39    93 1
1  9    9  1
1 39    93 1
1  9    9  1
1 39    93 1
1  9    9  1
1 39    93 1
1  9    9  1
1 39    93 1
1  9    9  1
1 39    93 1
1  999999  1
111111111111

  3
 
  3      3
 
  3      3
 
  3      3
 
  3      3
 
  3      3
 
  3      3
 
  3      3
 
  3      3

  3
  3
  3      3
  3      3
  3      3
  3      3
  3      3
  3      3
  3      3
  3      3
  3      3
  3      3
  3      3
  3      3
  3      3
  3      3
  33333333