100008800001
01111011111
01222222221
01222222221
01222222221
01222222221
01222222221
01222222221
01222222221
01222222221
01222222221
01222222221
01222222221
01111111111
100000000001

0
01111001111
01000000001
01000000001
01000880001
01000110001
01000110001
01000110001
01000110001
01000110001
01000000001
01000000001
01000000001
01111111111

0
01333003331
03000000003
03000000003
03000000003
03000000003
03000880003
03000110003
03000110003
03000110003
03000000003
03000000003
03000000003
01333333331

0
01111111111
01007007001
01000000001
01700000071
01000000001
01000000001
01700000001
01000880001
01000110001
01700110071
01000110001
01070000701
01111111111

100000000001
01111111111
01222222221
01222222221
01222002221
01222002221
01222002221
01222002221
01222002221
01222002221
01222882221
01222222221
01222222221
01111111111
100000000001

0
01111111111
01000000001
01000000001
01000000001
01000000001
01000000001
01000000001
01000000001
01000000001
01000000001
01000000001
01000000001
01111111111

0
01333333331
03000000003
03000000003
03000000003
03000000003
03000000003
03000000003
03000000003
03000000003
03000000003
03000000003
03000000003
01333333331

0
01111111111
01007007001
01000000001
01700000071
01000000001
01000000001
01700000071
01000000001
01000000001
01700000071
01000000001
01007007001
01111111111

100000000001
01111111111
01113113111
01113113111
01333333331
01113113111
01113113111
01333333331
01113113111
01113113111
01333333331
01113113111
01113113111
01111111111
100000000001

0
01001001001
0
0
01000000001
0
0
01000000001
0
0
01000000001
0
0
01001001001